# Distance(Å)  Score
6.644  7.601
6.761  7.563
6.879  7.526
6.997  7.489
7.114  7.453
7.232  7.417
7.349  7.381
7.467  7.346
7.585  7.311
7.702  7.277
7.820  7.243
7.938  7.209
8.055  7.176
8.173  7.143
8.290  7.110
8.408  7.078
8.526  7.047
8.643  7.016
8.761  6.985
8.878  6.954
8.996  6.924
9.114  6.895
9.231  6.866
9.349  6.837
9.467  6.809
9.584  6.781
9.702  6.753
9.819  6.726
9.937  6.700
10.055  6.673
10.172  6.648
10.290  6.622
10.408  6.597
10.525  6.573
10.643  6.549
10.760  6.525
10.878  6.502
10.996  6.479
11.113  6.456
11.231  6.434
11.348  6.413
11.466  6.391
11.584  6.371
11.701  6.350
11.819  6.330
11.937  6.311
12.054  6.291
12.172  6.273
12.289  6.254
12.407  6.236
12.525  6.218
12.642  6.201
12.760  6.184
12.877  6.168
12.995  6.152
13.113  6.136
13.230  6.121
13.348  6.106
13.466  6.091
13.583  6.077
13.701  6.063
13.818  6.049
13.936  6.036
14.054  6.023
14.171  6.010
14.289  5.998
14.407  5.986
14.524  5.974
14.642  5.963
14.759  5.952
14.877  5.941
14.995  5.930
15.112  5.920
15.230  5.910
15.347  5.900
15.465  5.891
15.583  5.882
15.700  5.873
15.818  5.864
15.936  5.855
16.053  5.847
16.171  5.839
16.288  5.831
16.406  5.824
16.524  5.816
16.641  5.809
16.759  5.802
16.876  5.795
16.994  5.788
17.112  5.782
17.229  5.775
17.347  5.769
17.465  5.763
17.582  5.757
17.700  5.751
17.817  5.746
17.935  5.740
18.053  5.735
18.170  5.729
18.288  5.724
18.405  5.719
18.523  5.714
18.641  5.709
18.758  5.704
18.876  5.699
18.994  5.694
19.111  5.690
19.229  5.685
19.346  5.681
19.464  5.676
19.582  5.672
19.699  5.668
19.817  5.664
19.935  5.660
20.052  5.655
20.170  5.651
20.287  5.648
20.405  5.644
20.523  5.640
20.640  5.636
20.758  5.632
20.875  5.629
20.993  5.625
21.111  5.622
21.228  5.618
21.346  5.615
21.464  5.612
21.581  5.608
21.699  5.605
21.816  5.602
21.934  5.599
22.052  5.596
22.169  5.593
22.287  5.590
22.404  5.588
22.522  5.585
22.640  5.582
22.757  5.580
22.875  5.578
22.993  5.575
23.110  5.573
23.228  5.571
23.345  5.569
23.463  5.567
23.581  5.565
23.698  5.564
23.816  5.562
23.933  5.560
24.051  5.559
24.169  5.558
24.286  5.557
24.404  5.556
24.522  5.555
24.639  5.554
24.757  5.553
24.874  5.553
24.992  5.552
25.110  5.552
25.227  5.552
25.345  5.552
25.463  5.552
25.580  5.552
25.698  5.552
25.815  5.553
25.933  5.553
26.051  5.554
26.168  5.554
26.286  5.555
26.403  5.556
26.521  5.557
26.639  5.559
26.756  5.560
26.874  5.562
26.992  5.563
27.109  5.565
27.227  5.567
27.344  5.569
27.462  5.571
27.580  5.573
27.697  5.575
27.815  5.577
27.932  5.580
28.050  5.582
28.168  5.585
28.285  5.588
28.403  5.591
28.521  5.594
28.638  5.597
28.756  5.600
28.873  5.603
28.991  5.606
29.109  5.610
29.226  5.613
29.344  5.617
29.461  5.621
29.579  5.624
29.697  5.628
29.814  5.632
29.932  5.636
30.050  5.640
30.167  5.644
30.285  5.648
30.402  5.653
30.520  5.657
30.638  5.662
30.755  5.666
30.873  5.671
30.991  5.675
31.108  5.680
31.226  5.685
31.343  5.690
31.461  5.695
31.579  5.700
31.696  5.705
31.814  5.710
31.931  5.715
32.049  5.721
32.167  5.726
32.284  5.732
32.402  5.737
32.520  5.743
32.637  5.749
32.755  5.755
32.872  5.761
32.990  5.767
33.108  5.773
33.225  5.779
33.343  5.785
33.460  5.792
33.578  5.798
33.696  5.805
33.813  5.811
33.931  5.818
34.049  5.825
34.166  5.832
34.284  5.839
34.401  5.846
34.519  5.854
34.637  5.861
34.754  5.868
34.872  5.876
34.989  5.884
35.107  5.892
35.225  5.899
35.342  5.907
35.460  5.916
35.578  5.924
35.695  5.932
35.813  5.940
35.930  5.949
36.048  5.958
36.166  5.966
36.283  5.975
36.401  5.984
36.519  5.993
36.636  6.002
36.754  6.011
36.871  6.020
36.989  6.030
37.107  6.039
37.224  6.048
37.342  6.058
37.459  6.068
37.577  6.077
37.695  6.087
37.812  6.097
37.930  6.107
38.048  6.116
38.165  6.126
38.283  6.136
38.400  6.146
38.518  6.156
38.636  6.166
38.753  6.176
38.871  6.187
38.988  6.197
39.106  6.207
39.224  6.217
39.341  6.227
39.459  6.237
39.577  6.247
39.694  6.257
39.812  6.267
39.929  6.277
40.047  6.287
40.165  6.297
40.282  6.307
40.400  6.317
40.517  6.327
40.635  6.337
40.753  6.347
40.870  6.356
40.988  6.366
41.106  6.375
41.223  6.385
41.341  6.394
41.458  6.404
41.576  6.413
41.694  6.422
41.811  6.431
41.929  6.440
42.047  6.449
42.164  6.458
42.282  6.466
42.399  6.475
42.517  6.483
42.635  6.492
42.752  6.500
42.870  6.508
42.987  6.516
43.105  6.524
43.223  6.532
43.340  6.540
43.458  6.548
43.576  6.555
43.693  6.563
43.811  6.570
43.928  6.577
44.046  6.585
44.164  6.592
44.281  6.599
44.399  6.606
44.516  6.613
44.634  6.620
44.752  6.626
44.869  6.633
44.987  6.640
45.105  6.646
45.222  6.653
45.340  6.659
45.457  6.665
45.575  6.672
45.693  6.678
45.810  6.684
45.928  6.690
46.045  6.696
46.163  6.702
46.281  6.708
46.398  6.714
46.516  6.720
46.634  6.726
46.751  6.731
46.869  6.737
46.986  6.743
47.104  6.748
47.222  6.754
47.339  6.759
47.457  6.765
47.575  6.770
47.692  6.776
47.810  6.781
47.927  6.787
48.045  6.792
48.163  6.797
48.280  6.802
48.398  6.807
48.515  6.813
48.633  6.818
48.751  6.823
48.868  6.827
48.986  6.832
49.104  6.837
49.221  6.842
49.339  6.847
49.456  6.851
49.574  6.856
49.692  6.860
49.809  6.865
49.927  6.869
50.044  6.874
50.162  6.878
50.280  6.882
50.397  6.886
50.515  6.890
50.633  6.895
50.750  6.898
50.868  6.902
50.985  6.906
51.103  6.910
51.221  6.914
51.338  6.917
51.456  6.921
51.573  6.925
51.691  6.928
51.809  6.932
51.926  6.935
52.044  6.938
52.162  6.942
52.279  6.945
52.397  6.948
52.514  6.952
52.632  6.955
52.750  6.958
52.867  6.962
52.985  6.965
53.103  6.968
53.220  6.971
53.338  6.975
53.455  6.978
53.573  6.981
53.691  6.985
53.808  6.988
53.926  6.992
54.043  6.996
54.161  6.999
54.279  7.003
54.396  7.007
54.514  7.011
54.632  7.015
54.749  7.019
54.867  7.023
54.984  7.028
55.102  7.032
55.220  7.037
55.337  7.042
55.455  7.047
55.572  7.052
55.690  7.058
55.808  7.063
55.925  7.069
56.043  7.075
56.161  7.081
56.278  7.088
56.396  7.094
56.513  7.101
56.631  7.108
56.749  7.115
56.866  7.123
56.984  7.131
57.101  7.139
57.219  7.147
57.337  7.156
57.454  7.164
57.572  7.174
57.690  7.183
57.807  7.193
57.925  7.203
58.042  7.213
58.160  7.223
58.278  7.234
58.395  7.246
58.513  7.257
58.631  7.269
58.748  7.281
58.866  7.293
58.983  7.306
59.101  7.319
59.219  7.333
59.336  7.347
59.454  7.361
59.571  7.375
59.689  7.390
59.807  7.405
59.924  7.421
60.042  7.436
60.160  7.452
60.277  7.469
60.395  7.486
60.512  7.503
60.630  7.521
60.748  7.538
60.865  7.557
60.983  7.575
61.100  7.594
61.218  7.613
61.336  7.633
61.453  7.653
61.571  7.673
61.689  7.694
61.806  7.715
61.924  7.736
62.041  7.758
62.159  7.780
62.277  7.803
62.394  7.825
62.512  7.849
62.630  7.872
62.747  7.896
62.865  7.920
62.982  7.944
63.100  7.969
63.218  7.994
63.335  8.020
63.453  8.046
63.570  8.072
63.688  8.098
63.806  8.125
63.923  8.152
64.041  8.180
64.159  8.208
64.276  8.236
64.394  8.265
64.511  8.294
64.629  8.323
64.747  8.352
64.864  8.382
64.982  8.412
65.099  8.443
65.217  8.474
65.335  8.505
