# Distance(Å)  Score
5.103  8.414
5.219  8.359
5.334  8.305
5.450  8.252
5.566  8.199
5.681  8.146
5.797  8.094
5.912  8.042
6.028  7.990
6.144  7.939
6.259  7.889
6.375  7.839
6.491  7.789
6.606  7.740
6.722  7.692
6.837  7.644
6.953  7.596
7.069  7.549
7.184  7.503
7.300  7.457
7.416  7.411
7.531  7.366
7.647  7.322
7.763  7.279
7.878  7.235
7.994  7.193
8.109  7.151
8.225  7.110
8.341  7.069
8.456  7.029
8.572  6.989
8.688  6.950
8.803  6.912
8.919  6.874
9.034  6.837
9.150  6.801
9.266  6.765
9.381  6.730
9.497  6.695
9.613  6.661
9.728  6.628
9.844  6.595
9.960  6.563
10.075  6.531
10.191  6.500
10.306  6.470
10.422  6.440
10.538  6.411
10.653  6.383
10.769  6.355
10.885  6.328
11.000  6.301
11.116  6.275
11.232  6.250
11.347  6.225
11.463  6.201
11.578  6.177
11.694  6.154
11.810  6.132
11.925  6.110
12.041  6.088
12.157  6.068
12.272  6.047
12.388  6.028
12.503  6.009
12.619  5.990
12.735  5.972
12.850  5.954
12.966  5.937
13.082  5.921
13.197  5.905
13.313  5.889
13.429  5.874
13.544  5.859
13.660  5.845
13.775  5.832
13.891  5.818
14.007  5.806
14.122  5.793
14.238  5.781
14.354  5.770
14.469  5.758
14.585  5.748
14.701  5.737
14.816  5.727
14.932  5.718
15.047  5.708
15.163  5.699
15.279  5.691
15.394  5.682
15.510  5.674
15.626  5.667
15.741  5.659
15.857  5.652
15.972  5.645
16.088  5.639
16.204  5.633
16.319  5.626
16.435  5.621
16.551  5.615
16.666  5.610
16.782  5.605
16.898  5.600
17.013  5.595
17.129  5.591
17.244  5.586
17.360  5.582
17.476  5.578
17.591  5.575
17.707  5.571
17.823  5.568
17.938  5.565
18.054  5.562
18.169  5.559
18.285  5.556
18.401  5.554
18.516  5.551
18.632  5.549
18.748  5.547
18.863  5.545
18.979  5.543
19.095  5.542
19.210  5.540
19.326  5.539
19.441  5.538
19.557  5.537
19.673  5.536
19.788  5.535
19.904  5.535
20.020  5.534
20.135  5.534
20.251  5.534
20.367  5.534
20.482  5.534
20.598  5.534
20.713  5.535
20.829  5.535
20.945  5.536
21.060  5.537
21.176  5.538
21.292  5.539
21.407  5.540
21.523  5.541
21.638  5.543
21.754  5.545
21.870  5.546
21.985  5.548
22.101  5.550
22.217  5.552
22.332  5.555
22.448  5.557
22.564  5.559
22.679  5.562
22.795  5.565
22.910  5.568
23.026  5.570
23.142  5.573
23.257  5.577
23.373  5.580
23.489  5.583
23.604  5.586
23.720  5.590
23.835  5.593
23.951  5.597
24.067  5.600
24.182  5.604
24.298  5.608
24.414  5.611
24.529  5.615
24.645  5.619
24.761  5.623
24.876  5.627
24.992  5.630
25.107  5.634
25.223  5.638
25.339  5.642
25.454  5.646
25.570  5.650
25.686  5.654
25.801  5.657
25.917  5.661
26.033  5.665
26.148  5.669
26.264  5.673
26.379  5.676
26.495  5.680
26.611  5.683
26.726  5.687
26.842  5.691
26.958  5.694
27.073  5.697
27.189  5.701
27.304  5.704
27.420  5.707
27.536  5.711
27.651  5.714
27.767  5.717
27.883  5.720
27.998  5.723
28.114  5.726
28.230  5.729
28.345  5.732
28.461  5.735
28.576  5.738
28.692  5.741
28.808  5.743
28.923  5.746
29.039  5.749
29.155  5.752
29.270  5.754
29.386  5.757
29.502  5.760
29.617  5.763
29.733  5.765
29.848  5.768
29.964  5.771
30.080  5.774
30.195  5.777
30.311  5.779
30.427  5.782
30.542  5.785
30.658  5.788
30.773  5.792
30.889  5.795
31.005  5.798
31.120  5.801
31.236  5.805
31.352  5.808
31.467  5.812
31.583  5.816
31.699  5.820
31.814  5.823
31.930  5.828
32.045  5.832
32.161  5.836
32.277  5.840
32.392  5.845
32.508  5.850
32.624  5.854
32.739  5.859
32.855  5.864
32.970  5.870
33.086  5.875
33.202  5.880
33.317  5.886
33.433  5.892
33.549  5.898
33.664  5.904
33.780  5.910
33.896  5.916
34.011  5.922
34.127  5.929
34.242  5.935
34.358  5.942
34.474  5.949
34.589  5.956
34.705  5.963
34.821  5.970
34.936  5.977
35.052  5.984
35.168  5.991
35.283  5.998
35.399  6.006
35.514  6.013
35.630  6.020
35.746  6.028
35.861  6.035
35.977  6.043
36.093  6.050
36.208  6.057
36.324  6.065
36.439  6.072
36.555  6.079
36.671  6.087
36.786  6.094
36.902  6.101
37.018  6.108
37.133  6.115
37.249  6.122
37.365  6.129
37.480  6.135
37.596  6.142
37.711  6.148
37.827  6.155
37.943  6.161
38.058  6.167
38.174  6.173
38.290  6.179
38.405  6.185
38.521  6.190
38.636  6.196
38.752  6.201
38.868  6.206
38.983  6.211
39.099  6.216
39.215  6.221
39.330  6.226
39.446  6.231
39.562  6.235
39.677  6.240
39.793  6.244
39.908  6.248
40.024  6.252
40.140  6.256
40.255  6.260
40.371  6.264
40.487  6.268
40.602  6.272
40.718  6.276
40.834  6.280
40.949  6.283
41.065  6.287
41.180  6.291
41.296  6.294
41.412  6.298
41.527  6.302
41.643  6.306
41.759  6.309
41.874  6.313
41.990  6.317
42.105  6.321
42.221  6.325
42.337  6.329
42.452  6.334
42.568  6.338
42.684  6.342
42.799  6.347
42.915  6.352
43.031  6.357
43.146  6.362
43.262  6.367
43.377  6.372
43.493  6.378
43.609  6.384
43.724  6.390
43.840  6.396
43.956  6.402
44.071  6.409
44.187  6.416
44.302  6.423
44.418  6.430
44.534  6.438
44.649  6.446
44.765  6.454
44.881  6.463
44.996  6.471
45.112  6.480
45.228  6.490
45.343  6.499
45.459  6.509
45.574  6.520
45.690  6.530
45.806  6.541
45.921  6.552
46.037  6.563
46.153  6.575
46.268  6.587
46.384  6.600
46.500  6.612
46.615  6.625
46.731  6.639
46.846  6.652
46.962  6.666
47.078  6.680
47.193  6.694
47.309  6.709
47.425  6.724
47.540  6.739
47.656  6.755
47.771  6.770
47.887  6.786
48.003  6.803
48.118  6.819
48.234  6.836
48.350  6.852
48.465  6.869
48.581  6.886
48.697  6.904
48.812  6.921
48.928  6.939
49.043  6.957
49.159  6.974
49.275  6.992
49.390  7.010
49.506  7.028
49.622  7.046
49.737  7.064
49.853  7.083
49.969  7.101
50.084  7.119
50.200  7.137
50.315  7.155
50.431  7.173
50.547  7.191
50.662  7.208
50.778  7.226
50.894  7.243
51.009  7.261
51.125  7.278
51.240  7.295
51.356  7.311
51.472  7.328
51.587  7.344
51.703  7.360
51.819  7.376
51.934  7.392
52.050  7.407
52.166  7.422
52.281  7.437
52.397  7.451
52.512  7.465
52.628  7.479
52.744  7.493
52.859  7.506
52.975  7.519
53.091  7.531
53.206  7.543
53.322  7.555
53.437  7.567
53.553  7.578
53.669  7.589
53.784  7.599
53.900  7.610
54.016  7.620
54.131  7.629
54.247  7.639
54.363  7.648
54.478  7.657
54.594  7.665
54.709  7.673
54.825  7.682
54.941  7.689
55.056  7.697
55.172  7.704
55.288  7.712
55.403  7.719
55.519  7.726
55.635  7.732
55.750  7.739
55.866  7.746
55.981  7.752
56.097  7.758
56.213  7.765
56.328  7.771
56.444  7.777
56.560  7.784
56.675  7.790
56.791  7.796
56.906  7.802
57.022  7.809
57.138  7.815
57.253  7.822
57.369  7.829
57.485  7.836
57.600  7.843
57.716  7.850
57.832  7.857
57.947  7.865
58.063  7.873
58.178  7.881
58.294  7.889
58.410  7.897
58.525  7.906
58.641  7.915
58.757  7.925
58.872  7.935
58.988  7.945
59.103  7.955
59.219  7.966
59.335  7.977
59.450  7.989
59.566  8.001
59.682  8.013
59.797  8.026
59.913  8.039
60.029  8.053
60.144  8.067
60.260  8.082
60.375  8.097
60.491  8.113
60.607  8.129
60.722  8.145
60.838  8.163
60.954  8.180
61.069  8.199
61.185  8.217
61.301  8.237
61.416  8.257
61.532  8.277
61.647  8.298
61.763  8.320
61.879  8.342
61.994  8.365
62.110  8.389
62.226  8.413
62.341  8.438
62.457  8.463
62.572  8.489
62.688  8.516
62.804  8.543
