# Distance(Å)  Score
10.985  6.508
11.072  6.494
11.160  6.480
11.248  6.466
11.336  6.453
11.424  6.440
11.511  6.427
11.599  6.414
11.687  6.402
11.775  6.389
11.863  6.377
11.951  6.365
12.038  6.353
12.126  6.341
12.214  6.329
12.302  6.318
12.390  6.307
12.477  6.296
12.565  6.285
12.653  6.274
12.741  6.263
12.829  6.253
12.917  6.242
13.004  6.232
13.092  6.222
13.180  6.212
13.268  6.202
13.356  6.193
13.443  6.183
13.531  6.174
13.619  6.165
13.707  6.156
13.795  6.147
13.883  6.138
13.970  6.129
14.058  6.121
14.146  6.112
14.234  6.104
14.322  6.096
14.409  6.088
14.497  6.080
14.585  6.072
14.673  6.064
14.761  6.057
14.849  6.049
14.936  6.042
15.024  6.035
15.112  6.027
15.200  6.020
15.288  6.013
15.375  6.007
15.463  6.000
15.551  5.993
15.639  5.986
15.727  5.980
15.815  5.974
15.902  5.967
15.990  5.961
16.078  5.955
16.166  5.949
16.254  5.943
16.341  5.937
16.429  5.931
16.517  5.925
16.605  5.920
16.693  5.914
16.781  5.909
16.868  5.903
16.956  5.898
17.044  5.892
17.132  5.887
17.220  5.882
17.307  5.877
17.395  5.872
17.483  5.867
17.571  5.862
17.659  5.857
17.747  5.853
17.834  5.848
17.922  5.843
18.010  5.839
18.098  5.834
18.186  5.830
18.273  5.825
18.361  5.821
18.449  5.817
18.537  5.813
18.625  5.809
18.712  5.805
18.800  5.801
18.888  5.797
18.976  5.793
19.064  5.789
19.152  5.785
19.239  5.782
19.327  5.778
19.415  5.774
19.503  5.771
19.591  5.767
19.678  5.764
19.766  5.761
19.854  5.757
19.942  5.754
20.030  5.751
20.118  5.748
20.205  5.745
20.293  5.742
20.381  5.739
20.469  5.737
20.557  5.734
20.644  5.731
20.732  5.729
20.820  5.726
20.908  5.724
20.996  5.721
21.084  5.719
21.171  5.717
21.259  5.715
21.347  5.713
21.435  5.711
21.523  5.709
21.610  5.707
21.698  5.705
21.786  5.703
21.874  5.702
21.962  5.700
22.050  5.699
22.137  5.698
22.225  5.696
22.313  5.695
22.401  5.694
22.489  5.693
22.576  5.692
22.664  5.691
22.752  5.691
22.840  5.690
22.928  5.689
23.016  5.689
23.103  5.689
23.191  5.688
23.279  5.688
23.367  5.688
23.455  5.688
23.542  5.688
23.630  5.689
23.718  5.689
23.806  5.689
23.894  5.690
23.982  5.691
24.069  5.691
24.157  5.692
24.245  5.693
24.333  5.694
24.421  5.695
24.508  5.696
24.596  5.698
24.684  5.699
24.772  5.701
24.860  5.702
24.948  5.704
25.035  5.706
25.123  5.708
25.211  5.710
25.299  5.712
25.387  5.715
25.474  5.717
25.562  5.719
25.650  5.722
25.738  5.725
25.826  5.727
25.914  5.730
26.001  5.733
26.089  5.736
26.177  5.740
26.265  5.743
26.353  5.746
26.440  5.750
26.528  5.753
26.616  5.757
26.704  5.761
26.792  5.765
26.880  5.769
26.967  5.773
27.055  5.777
27.143  5.781
27.231  5.786
27.319  5.790
27.406  5.795
27.494  5.799
27.582  5.804
27.670  5.809
27.758  5.813
27.846  5.818
27.933  5.823
28.021  5.828
28.109  5.834
28.197  5.839
28.285  5.844
28.372  5.850
28.460  5.855
28.548  5.861
28.636  5.866
28.724  5.872
28.812  5.878
28.899  5.883
28.987  5.889
29.075  5.895
29.163  5.901
29.251  5.907
29.338  5.913
29.426  5.919
29.514  5.925
29.602  5.931
29.690  5.938
29.778  5.944
29.865  5.950
29.953  5.956
30.041  5.963
30.129  5.969
30.217  5.975
30.304  5.982
30.392  5.988
30.480  5.995
30.568  6.001
30.656  6.008
30.744  6.014
30.831  6.020
30.919  6.027
31.007  6.033
31.095  6.040
31.183  6.046
31.270  6.053
31.358  6.059
31.446  6.065
31.534  6.072
31.622  6.078
31.710  6.084
31.797  6.091
31.885  6.097
31.973  6.103
32.061  6.109
32.149  6.115
32.236  6.122
32.324  6.128
32.412  6.134
32.500  6.140
32.588  6.145
32.676  6.151
32.763  6.157
32.851  6.163
32.939  6.168
33.027  6.174
33.115  6.179
33.202  6.185
33.290  6.190
33.378  6.195
33.466  6.201
33.554  6.206
33.642  6.211
33.729  6.216
33.817  6.221
33.905  6.225
33.993  6.230
34.081  6.235
34.168  6.239
34.256  6.244
34.344  6.248
34.432  6.252
34.520  6.256
34.608  6.260
34.695  6.264
34.783  6.268
34.871  6.272
34.959  6.276
35.047  6.279
35.134  6.283
35.222  6.286
35.310  6.289
35.398  6.292
35.486  6.296
35.574  6.299
35.661  6.302
35.749  6.304
35.837  6.307
35.925  6.310
36.013  6.313
36.100  6.315
36.188  6.317
36.276  6.320
36.364  6.322
36.452  6.324
36.540  6.327
36.627  6.329
36.715  6.331
36.803  6.333
36.891  6.335
36.979  6.336
37.066  6.338
37.154  6.340
37.242  6.342
37.330  6.344
37.418  6.345
37.506  6.347
37.593  6.348
37.681  6.350
37.769  6.351
37.857  6.353
37.945  6.354
38.032  6.356
38.120  6.357
38.208  6.359
38.296  6.360
38.384  6.362
38.472  6.363
38.559  6.365
38.647  6.366
38.735  6.368
38.823  6.369
38.911  6.371
38.998  6.372
39.086  6.374
39.174  6.376
39.262  6.377
39.350  6.379
39.438  6.381
39.525  6.383
39.613  6.385
39.701  6.387
39.789  6.389
39.877  6.391
39.964  6.393
40.052  6.395
40.140  6.397
40.228  6.399
40.316  6.402
40.403  6.404
40.491  6.407
40.579  6.410
40.667  6.412
40.755  6.415
40.843  6.418
40.930  6.421
41.018  6.424
41.106  6.427
41.194  6.431
41.282  6.434
41.369  6.438
41.457  6.441
41.545  6.445
41.633  6.449
41.721  6.453
41.809  6.457
41.896  6.461
41.984  6.466
42.072  6.470
42.160  6.475
42.248  6.479
42.335  6.484
42.423  6.489
42.511  6.494
42.599  6.499
42.687  6.505
42.775  6.510
42.862  6.516
42.950  6.521
43.038  6.527
43.126  6.533
43.214  6.539
43.301  6.545
43.389  6.552
43.477  6.558
43.565  6.565
43.653  6.572
43.741  6.579
43.828  6.586
43.916  6.593
44.004  6.600
44.092  6.607
44.180  6.615
44.267  6.623
44.355  6.630
44.443  6.638
44.531  6.646
44.619  6.655
44.707  6.663
44.794  6.671
44.882  6.680
44.970  6.689
45.058  6.697
45.146  6.706
45.233  6.715
45.321  6.724
45.409  6.734
45.497  6.743
45.585  6.753
45.673  6.762
45.760  6.772
45.848  6.782
45.936  6.792
46.024  6.802
46.112  6.812
46.199  6.822
46.287  6.832
46.375  6.843
46.463  6.853
46.551  6.864
46.639  6.875
46.726  6.886
46.814  6.896
46.902  6.907
46.990  6.919
47.078  6.930
47.165  6.941
47.253  6.952
47.341  6.963
47.429  6.975
47.517  6.986
47.605  6.998
47.692  7.010
47.780  7.021
47.868  7.033
47.956  7.045
48.044  7.057
48.131  7.068
48.219  7.080
48.307  7.092
48.395  7.104
48.483  7.116
48.571  7.129
48.658  7.141
48.746  7.153
48.834  7.165
48.922  7.177
49.010  7.189
49.097  7.202
49.185  7.214
49.273  7.226
49.361  7.239
49.449  7.251
49.537  7.263
49.624  7.276
49.712  7.288
49.800  7.300
49.888  7.313
49.976  7.325
50.063  7.338
50.151  7.350
50.239  7.362
50.327  7.375
50.415  7.387
50.503  7.400
50.590  7.412
50.678  7.425
50.766  7.437
50.854  7.449
50.942  7.462
51.029  7.474
51.117  7.487
51.205  7.499
51.293  7.511
51.381  7.524
51.469  7.536
51.556  7.549
51.644  7.561
51.732  7.574
51.820  7.586
51.908  7.598
51.995  7.611
52.083  7.623
52.171  7.636
52.259  7.648
52.347  7.661
52.435  7.673
52.522  7.686
52.610  7.699
52.698  7.711
52.786  7.724
52.874  7.736
52.961  7.749
53.049  7.762
53.137  7.774
53.225  7.787
53.313  7.800
53.401  7.813
53.488  7.826
53.576  7.839
53.664  7.852
53.752  7.865
53.840  7.878
53.927  7.891
54.015  7.905
54.103  7.918
54.191  7.931
54.279  7.945
54.367  7.958
54.454  7.972
54.542  7.986
54.630  8.000
54.718  8.013
54.806  8.027
