# Distance(Å)  Score
10.842  7.054
10.939  7.038
11.035  7.023
11.132  7.008
11.229  6.993
11.326  6.978
11.423  6.964
11.520  6.949
11.617  6.935
11.713  6.921
11.810  6.908
11.907  6.894
12.004  6.881
12.101  6.868
12.198  6.855
12.295  6.842
12.391  6.829
12.488  6.817
12.585  6.804
12.682  6.792
12.779  6.780
12.876  6.768
12.972  6.757
13.069  6.745
13.166  6.734
13.263  6.723
13.360  6.712
13.457  6.701
13.554  6.690
13.650  6.679
13.747  6.669
13.844  6.658
13.941  6.648
14.038  6.638
14.135  6.628
14.232  6.618
14.328  6.608
14.425  6.599
14.522  6.589
14.619  6.580
14.716  6.570
14.813  6.561
14.910  6.552
15.006  6.543
15.103  6.534
15.200  6.525
15.297  6.516
15.394  6.507
15.491  6.499
15.588  6.490
15.684  6.482
15.781  6.473
15.878  6.465
15.975  6.457
16.072  6.449
16.169  6.441
16.265  6.433
16.362  6.425
16.459  6.417
16.556  6.409
16.653  6.401
16.750  6.393
16.847  6.385
16.943  6.378
17.040  6.370
17.137  6.363
17.234  6.355
17.331  6.347
17.428  6.340
17.525  6.333
17.621  6.325
17.718  6.318
17.815  6.311
17.912  6.303
18.009  6.296
18.106  6.289
18.203  6.282
18.299  6.275
18.396  6.268
18.493  6.261
18.590  6.253
18.687  6.246
18.784  6.240
18.881  6.233
18.977  6.226
19.074  6.219
19.171  6.212
19.268  6.205
19.365  6.198
19.462  6.192
19.558  6.185
19.655  6.178
19.752  6.172
19.849  6.165
19.946  6.159
20.043  6.152
20.140  6.146
20.236  6.139
20.333  6.133
20.430  6.126
20.527  6.120
20.624  6.114
20.721  6.108
20.818  6.101
20.914  6.095
21.011  6.089
21.108  6.083
21.205  6.077
21.302  6.071
21.399  6.065
21.496  6.059
21.592  6.053
21.689  6.048
21.786  6.042
21.883  6.036
21.980  6.031
22.077  6.025
22.174  6.020
22.270  6.014
22.367  6.009
22.464  6.003
22.561  5.998
22.658  5.993
22.755  5.988
22.851  5.983
22.948  5.978
23.045  5.973
23.142  5.968
23.239  5.963
23.336  5.958
23.433  5.954
23.529  5.949
23.626  5.944
23.723  5.940
23.820  5.935
23.917  5.931
24.014  5.927
24.111  5.923
24.207  5.918
24.304  5.914
24.401  5.910
24.498  5.906
24.595  5.903
24.692  5.899
24.789  5.895
24.885  5.891
24.982  5.888
25.079  5.884
25.176  5.881
25.273  5.877
25.370  5.874
25.467  5.871
25.563  5.868
25.660  5.865
25.757  5.862
25.854  5.859
25.951  5.856
26.048  5.853
26.144  5.850
26.241  5.848
26.338  5.845
26.435  5.842
26.532  5.840
26.629  5.838
26.726  5.835
26.822  5.833
26.919  5.831
27.016  5.829
27.113  5.827
27.210  5.825
27.307  5.823
27.404  5.821
27.500  5.819
27.597  5.818
27.694  5.816
27.791  5.815
27.888  5.813
27.985  5.812
28.082  5.811
28.178  5.809
28.275  5.808
28.372  5.807
28.469  5.806
28.566  5.805
28.663  5.804
28.760  5.803
28.856  5.803
28.953  5.802
29.050  5.802
29.147  5.801
29.244  5.801
29.341  5.800
29.437  5.800
29.534  5.800
29.631  5.800
29.728  5.800
29.825  5.800
29.922  5.800
30.019  5.800
30.115  5.800
30.212  5.801
30.309  5.801
30.406  5.802
30.503  5.802
30.600  5.803
30.697  5.804
30.793  5.805
30.890  5.806
30.987  5.807
31.084  5.808
31.181  5.809
31.278  5.810
31.375  5.811
31.471  5.813
31.568  5.814
31.665  5.816
31.762  5.818
31.859  5.819
31.956  5.821
32.052  5.823
32.149  5.825
32.246  5.827
32.343  5.829
32.440  5.831
32.537  5.834
32.634  5.836
32.730  5.839
32.827  5.841
32.924  5.844
33.021  5.847
33.118  5.849
33.215  5.852
33.312  5.855
33.408  5.858
33.505  5.861
33.602  5.864
33.699  5.868
33.796  5.871
33.893  5.874
33.990  5.878
34.086  5.881
34.183  5.885
34.280  5.889
34.377  5.892
34.474  5.896
34.571  5.900
34.668  5.904
34.764  5.908
34.861  5.912
34.958  5.916
35.055  5.920
35.152  5.924
35.249  5.928
35.345  5.933
35.442  5.937
35.539  5.941
35.636  5.946
35.733  5.950
35.830  5.954
35.927  5.959
36.023  5.963
36.120  5.968
36.217  5.972
36.314  5.977
36.411  5.981
36.508  5.986
36.605  5.990
36.701  5.995
36.798  6.000
36.895  6.004
36.992  6.009
37.089  6.013
37.186  6.018
37.283  6.022
37.379  6.027
37.476  6.031
37.573  6.036
37.670  6.040
37.767  6.045
37.864  6.049
37.961  6.053
38.057  6.058
38.154  6.062
38.251  6.066
38.348  6.070
38.445  6.075
38.542  6.079
38.638  6.083
38.735  6.087
38.832  6.091
38.929  6.094
39.026  6.098
39.123  6.102
39.220  6.105
39.316  6.109
39.413  6.113
39.510  6.116
39.607  6.119
39.704  6.123
39.801  6.126
39.898  6.129
39.994  6.132
40.091  6.135
40.188  6.138
40.285  6.140
40.382  6.143
40.479  6.146
40.576  6.148
40.672  6.151
40.769  6.153
40.866  6.155
40.963  6.158
41.060  6.160
41.157  6.162
41.254  6.164
41.350  6.166
41.447  6.168
41.544  6.169
41.641  6.171
41.738  6.173
41.835  6.174
41.931  6.176
42.028  6.177
42.125  6.178
42.222  6.180
42.319  6.181
42.416  6.182
42.513  6.183
42.609  6.184
42.706  6.185
42.803  6.186
42.900  6.187
42.997  6.188
43.094  6.189
43.191  6.190
43.287  6.191
43.384  6.192
43.481  6.193
43.578  6.193
43.675  6.194
43.772  6.195
43.869  6.196
43.965  6.196
44.062  6.197
44.159  6.198
44.256  6.199
44.353  6.200
44.450  6.200
44.547  6.201
44.643  6.202
44.740  6.203
44.837  6.204
44.934  6.205
45.031  6.206
45.128  6.207
45.224  6.208
45.321  6.209
45.418  6.210
45.515  6.212
45.612  6.213
45.709  6.214
45.806  6.216
45.902  6.217
45.999  6.219
46.096  6.221
46.193  6.222
46.290  6.224
46.387  6.226
46.484  6.228
46.580  6.230
46.677  6.232
46.774  6.235
46.871  6.237
46.968  6.240
47.065  6.242
47.162  6.245
47.258  6.248
47.355  6.251
47.452  6.254
47.549  6.257
47.646  6.260
47.743  6.264
47.840  6.267
47.936  6.271
48.033  6.275
48.130  6.279
48.227  6.283
48.324  6.287
48.421  6.291
48.517  6.296
48.614  6.300
48.711  6.305
48.808  6.310
48.905  6.315
49.002  6.320
49.099  6.325
49.195  6.331
49.292  6.336
49.389  6.342
49.486  6.348
49.583  6.354
49.680  6.360
49.777  6.367
49.873  6.373
49.970  6.380
50.067  6.387
50.164  6.394
50.261  6.401
50.358  6.408
50.455  6.416
50.551  6.423
50.648  6.431
50.745  6.439
50.842  6.447
50.939  6.455
51.036  6.464
51.132  6.472
51.229  6.481
51.326  6.490
51.423  6.499
51.520  6.508
51.617  6.518
51.714  6.527
51.810  6.537
51.907  6.547
52.004  6.557
52.101  6.567
52.198  6.577
52.295  6.588
52.392  6.599
52.488  6.609
52.585  6.620
52.682  6.632
52.779  6.643
52.876  6.654
52.973  6.666
53.070  6.678
53.166  6.689
53.263  6.702
53.360  6.714
53.457  6.726
53.554  6.739
53.651  6.751
53.748  6.764
53.844  6.777
53.941  6.790
54.038  6.803
54.135  6.817
54.232  6.830
54.329  6.844
54.425  6.858
54.522  6.871
54.619  6.886
54.716  6.900
54.813  6.914
54.910  6.929
55.007  6.943
55.103  6.958
55.200  6.973
55.297  6.988
55.394  7.003
55.491  7.018
55.588  7.034
55.685  7.049
55.781  7.065
55.878  7.080
55.975  7.096
56.072  7.112
56.169  7.128
56.266  7.145
56.363  7.161
56.459  7.178
56.556  7.194
56.653  7.211
56.750  7.228
56.847  7.245
56.944  7.262
57.041  7.279
57.137  7.296
57.234  7.314
57.331  7.331
57.428  7.349
57.525  7.367
57.622  7.385
57.718  7.403
57.815  7.421
57.912  7.439
58.009  7.458
58.106  7.476
58.203  7.495
58.300  7.513
58.396  7.532
58.493  7.551
58.590  7.570
58.687  7.589
58.784  7.609
58.881  7.628
58.978  7.648
59.074  7.667
59.171  7.687
